171 Q0 307630518067929088 2
172 Q0 302914505560694784 2
174 Q0 310126040867540992 2
176 Q0 300024705581215746 2
182 Q0 315513540448493571 2
183 Q0 307949792695316480 2
185 Q0 318067716399448064 2
187 Q0 317374054011125762 2
191 Q0 303890826281496576 2
192 Q0 304648900600545281 2
194 Q0 304994393813819392 2
195 Q0 305904268358082561 2
197 Q0 311203779859079168 2
199 Q0 297362610221895681 2
200 Q0 299150650409902080 2
201 Q0 312615754568699906 2
203 Q0 297369233023717376 2
205 Q0 310355523818123265 2
206 Q0 301021117030748160 2
207 Q0 304160645853614081 2
208 Q0 301411879371280385 2
209 Q0 302439651631841280 2
211 Q0 308609464427225089 2
212 Q0 309772209382100993 2
213 Q0 297351105254408192 2
214 Q0 300786932257013760 2
215 Q0 300292646126116864 2
217 Q0 301278236283924481 2
218 Q0 311561319088283648 2
219 Q0 302924345389486080 2
220 Q0 304310483178106880 2
221 Q0 308676195799683072 2
222 Q0 311595141989294081 2
223 Q0 301791514231717888 2
224 Q0 317331309884239874 2
225 Q0 297674112782962688 2
