171 307630518067929088
172 302914505560694784
174 310126040867540992
176 300024705581215746
182 315513540448493571
183 307949792695316480
185 318067716399448064
187 317374054011125762
191 303890826281496576
192 304648900600545281
194 304994393813819392
195 305904268358082561
197 311203779859079168
199 297362610221895681
200 299150650409902080
201 312615754568699906
203 297369233023717376
205 310355523818123265
206 301021117030748160
207 304160645853614081
208 301411879371280385
209 302439651631841280
211 308609464427225089
212 309772209382100993
213 297351105254408192
214 300786932257013760
215 300292646126116864
217 301278236283924481
218 311561319088283648
219 302924345389486080
220 304310483178106880
221 308676195799683072
222 311595141989294081
223 301791514231717888
224 317331309884239874
225 297674112782962688
171 307630518067929088
172 302914505560694784
174 310126040867540992
176 300024705581215746
182 315513540448493571
183 307949792695316480
185 318067716399448064
187 317374054011125762
191 303890826281496576
192 304648900600545281
194 304994393813819392
195 305904268358082561
197 311203779859079168
199 297362610221895681
200 299150650409902080
201 312615754568699906
203 297369233023717376
205 310355523818123265
206 301021117030748160
207 304160645853614081
208 301411879371280385
209 302439651631841280
211 308609464427225089
212 309772209382100993
213 297351105254408192
214 300786932257013760
215 300292646126116864
217 301278236283924481
218 311561319088283648
219 302924345389486080
220 304310483178106880
221 308676195799683072
222 311595141989294081
223 301791514231717888
224 317331309884239874
225 297674112782962688
